//homun_skill_tree.txt
// Class,Skill-ID,MaxLV,前提Skill-ID-1,前提Skill-ID-1-Lv,計5個まで繰り返し,前提BaseLv


6001,8001,5,0,0,0,0,0,0,0,0,0,0,0//HLIF_HEAL#治癒の手助け(ヒール)#
6001,8002,5,8001,3,0,0,0,0,0,0,0,0,0//HLIF_AVOID#緊急回避#
6001,8003,5,8001,5,0,0,0,0,0,0,0,0,0//HLIF_BRAIN#脳手術#
//6001,8004,3,0,0,0,0,0,0,0,0,0,0,0//HLIF_CHANGE#メンタルチェンジ#

6002,8005,5,0,0,0,0,0,0,0,0,0,0,0//HAMI_CASTLE#キャストリング#
6002,8006,5,8005,5,0,0,0,0,0,0,0,0,0//HAMI_DEFENCE#ディフェンス#
6002,8007,5,8006,3,0,0,0,0,0,0,0,0,0//HAMI_SKIN#アダマンティウムスキン#
//6002,8008,3,0,0,0,0,0,0,0,0,0,0,0//HAMI_BLOODLUST#ブラッドラスト#

6003,8009,5,0,0,0,0,0,0,0,0,0,0,0//HFLI_MOON#ムーンライト#
6003,8010,5,8009,3,0,0,0,0,0,0,0,0,0//HFLI_FLEET#フリートムーブ#
6003,8011,5,8010,3,0,0,0,0,0,0,0,0,0//HFLI_SPEED#オーバードスピード#
//6003,8012,3,0,0,0,0,0,0,0,0,0,0,0//HFLI_SBR44#S.B.R.44#

6004,8013,5,0,0,0,0,0,0,0,0,0,0,0//HVAN_CAPRICE#カプリス#
6004,8014,5,8013,3,0,0,0,0,0,0,0,0,0//HVAN_CHAOTIC#カオティックベネディクション#
6004,8015,5,8013,5,0,0,0,0,0,0,0,0,0//HVAN_INSTRUCT#チェンジインストラクション#
//6004,8016,3,0,0,0,0,0,0,0,0,0,0,0//HVAN_EXPLOSION#バイオエクスプロージョン#

6005,8001,5,0,0,0,0,0,0,0,0,0,0,0//HLIF_HEAL#治癒の手助け(ヒール)#
6005,8002,5,8001,3,0,0,0,0,0,0,0,0,0//HLIF_AVOID#緊急回避#
6005,8003,5,8001,5,0,0,0,0,0,0,0,0,0//HLIF_BRAIN#脳手術#
//6005,8004,3,0,0,0,0,0,0,0,0,0,0,0//HLIF_CHANGE#メンタルチェンジ#

6006,8005,5,0,0,0,0,0,0,0,0,0,0,0//HAMI_CASTLE#キャストリング#
6006,8006,5,8005,5,0,0,0,0,0,0,0,0,0//HAMI_DEFENCE#ディフェンス#
6006,8007,5,8006,3,0,0,0,0,0,0,0,0,0//HAMI_SKIN#アダマンティウムスキン#
//6006,8008,3,0,0,0,0,0,0,0,0,0,0,0//HAMI_BLOODLUST#ブラッドラスト#

6007,8009,5,0,0,0,0,0,0,0,0,0,0,0//HFLI_MOON#ムーンライト#
6007,8010,5,8009,3,0,0,0,0,0,0,0,0,0//HFLI_FLEET#フリートムーブ#
6007,8011,5,8010,3,0,0,0,0,0,0,0,0,0//HFLI_SPEED#オーバードスピード#
//6007,8012,3,0,0,0,0,0,0,0,0,0,0,0//HFLI_SBR44#S.B.R.44#

6008,8013,5,0,0,0,0,0,0,0,0,0,0,0//HVAN_CAPRICE#カプリス#
6008,8014,5,8013,3,0,0,0,0,0,0,0,0,0//HVAN_CHAOTIC#カオティックベネディクション#
6008,8015,5,8013,5,0,0,0,0,0,0,0,0,0//HVAN_INSTRUCT#チェンジインストラクション#
//6008,8016,3,0,0,0,0,0,0,0,0,0,0,0//HVAN_EXPLOSION#バイオエクスプロージョン#

6009,8001,5,0,0,0,0,0,0,0,0,0,0,0//HLIF_HEAL#治癒の手助け(ヒール)#
6009,8002,5,8001,3,0,0,0,0,0,0,0,0,0//HLIF_AVOID#緊急回避#
6009,8003,5,8001,5,0,0,0,0,0,0,0,0,0//HLIF_BRAIN#脳手術#
//6009,8004,3,0,0,0,0,0,0,0,0,0,0,0//HLIF_CHANGE#メンタルチェンジ#

6010,8005,5,0,0,0,0,0,0,0,0,0,0,0//HAMI_CASTLE#キャストリング#
6010,8006,5,8005,5,0,0,0,0,0,0,0,0,0//HAMI_DEFENCE#ディフェンス#
6010,8007,5,8006,3,0,0,0,0,0,0,0,0,0//HAMI_SKIN#アダマンティウムスキン#
//6010,8008,3,0,0,0,0,0,0,0,0,0,0,0//HAMI_BLOODLUST#ブラッドラスト#

6011,8009,5,0,0,0,0,0,0,0,0,0,0,0//HFLI_MOON#ムーンライト#
6011,8010,5,8009,3,0,0,0,0,0,0,0,0,0//HFLI_FLEET#フリートムーブ#
6011,8011,5,8010,3,0,0,0,0,0,0,0,0,0//HFLI_SPEED#オーバードスピード#
//6011,8012,3,0,0,0,0,0,0,0,0,0,0,0//HFLI_SBR44#S.B.R.44#

6012,8013,5,0,0,0,0,0,0,0,0,0,0,0//HVAN_CAPRICE#カプリス#
6012,8014,5,8013,3,0,0,0,0,0,0,0,0,0//HVAN_CHAOTIC#カオティックベネディクション#
6012,8015,5,8013,5,0,0,0,0,0,0,0,0,0//HVAN_INSTRUCT#チェンジインストラクション#
//6012,8016,3,0,0,0,0,0,0,0,0,0,0,0//HVAN_EXPLOSION#バイオエクスプロージョン#

6013,8001,5,0,0,0,0,0,0,0,0,0,0,0//HLIF_HEAL#治癒の手助け(ヒール)#
6013,8002,5,8001,3,0,0,0,0,0,0,0,0,0//HLIF_AVOID#緊急回避#
6013,8003,5,8001,5,0,0,0,0,0,0,0,0,0//HLIF_BRAIN#脳手術#
//6013,8004,3,0,0,0,0,0,0,0,0,0,0,0//HLIF_CHANGE#メンタルチェンジ#

6014,8005,5,0,0,0,0,0,0,0,0,0,0,0//HAMI_CASTLE#キャストリング#
6014,8006,5,8005,5,0,0,0,0,0,0,0,0,0//HAMI_DEFENCE#ディフェンス#
6014,8007,5,8006,3,0,0,0,0,0,0,0,0,0//HAMI_SKIN#アダマンティウムスキン#
//6014,8008,3,0,0,0,0,0,0,0,0,0,0,0//HAMI_BLOODLUST#ブラッドラスト#

6015,8009,5,0,0,0,0,0,0,0,0,0,0,0//HFLI_MOON#ムーンライト#
6015,8010,5,8009,3,0,0,0,0,0,0,0,0,0//HFLI_FLEET#フリートムーブ#
6015,8011,5,8010,3,0,0,0,0,0,0,0,0,0//HFLI_SPEED#オーバードスピード#
//6015,8012,3,0,0,0,0,0,0,0,0,0,0,0//HFLI_SBR44#S.B.R.44#

6016,8013,5,0,0,0,0,0,0,0,0,0,0,0//HVAN_CAPRICE#カプリス#
6016,8014,5,8013,3,0,0,0,0,0,0,0,0,0//HVAN_CHAOTIC#カオティックベネディクション#
6016,8015,5,8013,5,0,0,0,0,0,0,0,0,0//HVAN_INSTRUCT#チェンジインストラクション#
//6016,8016,3,0,0,0,0,0,0,0,0,0,0,0//HVAN_EXPLOSION#バイオエクスプロージョン#

